HEAD:DateTime,CONTXT-ID,LAT,LON,ObsTemp,ObsPrec1h,ObsRH,ObsDewTemp,ObsWndSpd,ObsWndDir,ObsGustSpd,ObsGustDir,ObsSnowDpt,ObsSnowDif,ObsSnowFall,ObsSilTemp,ObsBrgTemp,ObsVis
201906230000,AMEDAS-54166,38.07,138.44,22.6,0,-9999,-9999,8.2,9,9.7,10,-9999,-9999,-9999,-9999,-9999,-9999
201906230000,AMEDAS-54166,38.07,138.44,22.6,0,-9999,-9999,8.2,9,9.7,10,-9999,-9999,-9999,-9999,-9999,-9999
201906230010,AMEDAS-54166,38.07,138.44,22.7,0,-9999,-9999,8.1,9,10.3,9,-9999,-9999,-9999,-9999,-9999,-9999
201906230010,AMEDAS-54166,38.07,138.44,22.7,0,-9999,-9999,8.1,9,10.3,9,-9999,-9999,-9999,-9999,-9999,-9999
201906230020,AMEDAS-54166,38.07,138.44,22.7,0,-9999,-9999,8.4,9,10.8,10,-9999,-9999,-9999,-9999,-9999,-9999
201906230020,AMEDAS-54166,38.07,138.44,22.7,0,-9999,-9999,8.4,9,10.8,10,-9999,-9999,-9999,-9999,-9999,-9999
201906230030,AMEDAS-54166,38.07,138.44,22.6,0,-9999,-9999,8.6,10,10.8,9,-9999,-9999,-9999,-9999,-9999,-9999
201906230030,AMEDAS-54166,38.07,138.44,22.6,0,-9999,-9999,8.6,10,10.8,9,-9999,-9999,-9999,-9999,-9999,-9999
201906230040,AMEDAS-54166,38.07,138.44,22.9,0,-9999,-9999,8,9,10.2,9,-9999,-9999,-9999,-9999,-9999,-9999
201906230040,AMEDAS-54166,38.07,138.44,22.9,0,-9999,-9999,8,9,10.2,9,-9999,-9999,-9999,-9999,-9999,-9999
201906230050,AMEDAS-54166,38.07,138.44,22.8,0,-9999,-9999,8.4,9,10.4,10,-9999,-9999,-9999,-9999,-9999,-9999
201906230050,AMEDAS-54166,38.07,138.44,22.8,0,-9999,-9999,8.4,9,10.4,10,-9999,-9999,-9999,-9999,-9999,-9999
201906230000,AMEDAS-54166,38.07,138.44,22.6,0,-9999,-9999,8.2,9,9.7,10,-9999,-9999,-9999,-9999,-9999,-9999
